1694073856.80305 0.000489 0.000934 -0.000208 0.999623 -0.000238 0.025677 0.009682
1694073857.30374 -0.000635 0.001222 0.003225 0.999623 -0.000203 0.025759 0.009541
1694073857.33710 -0.000690 0.001217 0.003313 0.999623 -0.000204 0.025752 0.009532
1694073857.40375 -0.000718 0.001182 0.003472 0.999623 -0.000214 0.025755 0.009536
1694073857.43578 -0.000718 0.001142 0.003558 0.999623 -0.000221 0.025750 0.009503
1694073857.50244 -0.000811 0.001089 0.003786 0.999624 -0.000218 0.025717 0.009469
1694073857.53577 -0.000032 0.002222 -0.001569 0.999561 -0.001849 0.027140 0.011752
1694073857.60332 -0.002241 0.004614 -0.001699 0.999561 -0.001909 0.027126 0.011803
1694073857.63711 -0.003332 0.005879 -0.001801 0.999561 -0.001950 0.027108 0.011801
1694073857.70334 -0.005486 0.008497 -0.001911 0.999562 -0.002043 0.027045 0.011855
1694073857.73579 -0.006593 0.009806 -0.001942 0.999562 -0.002081 0.027022 0.011862
1694073857.80245 -0.004632 0.008754 -0.000129 0.999628 -0.001282 0.025375 0.009918
1694073857.83578 -0.004771 0.008959 -0.000344 0.999629 -0.001281 0.025339 0.009878
1694073858.53671 -0.004231 0.015097 -0.000292 0.999622 -0.000595 0.025617 0.009938
1694073859.23673 -0.002607 0.019915 -0.000744 0.999629 -0.000529 0.025345 0.009918
1694073859.80309 -0.003416 0.020118 -0.000269 0.999641 -0.000950 0.024873 0.009936
1694073860.33717 -0.005760 0.024206 -0.003251 0.999644 -0.001084 0.024690 0.010016
1694073860.90339 -0.005643 0.029860 -0.006989 0.999645 -0.001075 0.024628 0.010093
1694073861.40230 -0.003715 0.031073 -0.008236 0.999647 -0.001003 0.024528 0.010143
1694073861.90318 -0.023121 0.023920 -0.002951 0.999643 -0.000758 0.024758 0.010062
1694073862.43706 -0.025845 0.022322 0.002696 0.999649 -0.000797 0.024517 0.010048
1694073862.93566 -0.027724 0.021158 0.004077 0.999644 -0.000688 0.024741 0.009981
1694073863.50441 -0.028827 0.021615 0.002295 0.999639 -0.000649 0.025057 0.009667
1694073864.03710 -0.028089 0.024189 0.004133 0.999641 -0.000698 0.025060 0.009468
1694073864.60237 -0.026255 0.026165 0.007053 0.999635 -0.000688 0.025305 0.009466
1694073865.20296 -0.025534 0.031074 0.006724 0.999636 -0.000750 0.025229 0.009487
1694073865.70369 -0.027375 0.038563 -0.000686 0.999637 -0.000778 0.025332 0.009128
1694073866.20370 -0.026021 0.038465 0.001554 0.999637 -0.000879 0.025238 0.009335
1694073866.80240 -0.025138 0.037257 0.001471 0.999636 -0.000894 0.025261 0.009482
1694073867.30439 -0.026224 0.035220 0.000519 0.999634 -0.000865 0.025277 0.009601
1694073867.80304 -0.028742 0.033607 0.000883 0.999636 -0.000893 0.025163 0.009683
1694073868.43640 -0.032794 0.030632 -0.000417 0.999644 -0.000811 0.024865 0.009612
1694073869.00330 -0.034512 0.028352 -0.003347 0.999645 -0.000641 0.024836 0.009617
1694073869.53578 -0.037866 0.031673 0.001660 0.999647 -0.000714 0.024831 0.009469
1694073870.03579 -0.037046 0.033237 0.005323 0.999657 -0.000661 0.024490 0.009258
1694073870.73580 -0.030288 0.033184 0.008469 0.999656 -0.000825 0.024509 0.009343
1694073871.23722 -0.027387 0.032864 0.011999 0.999647 -0.000805 0.024962 0.009102
1694073871.73724 -0.025413 0.031807 0.018494 0.999655 -0.000952 0.024704 0.008836
1694073872.30458 -0.021416 0.031085 0.020059 0.999659 -0.001035 0.024618 0.008664
1694073873.00252 -0.020145 0.031121 0.019044 0.999658 -0.000886 0.024712 0.008495
1694073873.53704 -0.007462 0.029235 0.067440 0.999703 -0.001578 0.023236 0.007177
1694073874.20290 -0.004618 0.031619 0.072252 0.999714 -0.001756 0.022852 0.006771
1694073874.70362 -0.003262 0.031680 0.073806 0.999712 -0.001752 0.022950 0.006788
1694073875.30365 -0.002484 0.031503 0.074822 0.999710 -0.001764 0.023018 0.006922
1694073875.90293 -0.002243 0.031655 0.079605 0.999719 -0.001800 0.022703 0.006617
1694073876.53631 -0.001267 0.031206 0.084275 0.999729 -0.001879 0.022351 0.006271
1694073877.10300 -0.000275 0.030750 0.087657 0.999735 -0.001945 0.022129 0.006037
1694073877.60237 -0.012929 0.043876 0.111538 0.999750 -0.001759 0.021672 0.005173
1694073878.13704 -0.011234 0.042760 0.113061 0.999754 -0.001782 0.021599 0.004743
1694073878.73573 -0.010412 0.041402 0.112088 0.999748 -0.001793 0.021810 0.004985
1694073879.50373 -0.013045 0.041082 0.112268 0.999754 -0.001716 0.021602 0.004770
1694073880.03575 -0.013484 0.041061 0.110794 0.999752 -0.001691 0.021702 0.004767
1694073880.63576 -0.010589 0.042364 0.109576 0.999749 -0.001841 0.021847 0.004658
1694073881.30453 -0.007658 0.046666 0.111212 0.999748 -0.001947 0.021897 0.004558
1694073882.10246 -0.002773 0.042085 0.106257 0.999745 -0.001960 0.021972 0.004772
1694073882.83721 -0.007091 0.044527 0.103183 0.999733 -0.001825 0.022435 0.005131
1694073883.53645 -0.013742 0.038883 0.095354 0.999727 -0.001357 0.022712 0.005339
1694073884.13715 -0.014930 0.039986 0.094635 0.999727 -0.001472 0.022781 0.004978
1694073884.70338 -0.010914 0.043334 0.096365 0.999723 -0.001593 0.022924 0.005166
1694073885.23648 -0.006274 0.046629 0.095681 0.999719 -0.001753 0.023020 0.005394
1694073885.73722 -0.003439 0.048099 0.090623 0.999710 -0.001843 0.023247 0.005949
1694073886.23627 -0.008206 0.042740 0.076208 0.999715 -0.001723 0.022942 0.006418
1694073886.80364 -0.010848 0.042868 0.073072 0.999712 -0.001631 0.023043 0.006561
1694073887.30233 -0.010778 0.044088 0.072727 0.999712 -0.001645 0.022997 0.006640
1694073887.90233 -0.009271 0.044253 0.071863 0.999710 -0.001671 0.023033 0.006809
1694073888.53700 -0.010820 0.042040 0.071036 0.999711 -0.001644 0.022976 0.006868
1694073889.13702 -0.013401 0.040075 0.071397 0.999707 -0.001556 0.023128 0.006936
1694073889.90376 -0.013583 0.037793 0.069205 0.999696 -0.001522 0.023547 0.007140
1694073890.53572 0.002772 0.025191 0.064564 0.999698 -0.001669 0.023356 0.007474
1694073891.33575 0.001077 0.024648 0.067703 0.999694 -0.001592 0.023527 0.007529
1694073892.00242 0.001223 0.022717 0.067557 0.999691 -0.001522 0.023669 0.007441
1694073892.83708 0.001240 0.018781 0.065379 0.999687 -0.001479 0.023805 0.007575
1694073893.50444 0.001219 0.018996 0.066658 0.999690 -0.001469 0.023702 0.007425
1694073894.03712 0.006246 0.022200 0.067498 0.999689 -0.001573 0.023715 0.007524
1694073894.63641 0.012048 0.027255 0.065936 0.999686 -0.001749 0.023827 0.007606
1694073895.20308 -0.003357 0.031182 0.049255 0.999698 -0.001589 0.023183 0.007985
1694073895.80380 -0.003713 0.030009 0.047525 0.999698 -0.001661 0.023100 0.008179
1694073896.43584 -0.001769 0.030595 0.044899 0.999696 -0.001699 0.023145 0.008350
1694073897.33675 0.004748 0.033290 0.041457 0.999694 -0.002154 0.023112 0.008523
1694073897.93696 0.001322 -0.025048 0.046508 0.999689 -0.001801 0.023266 0.008843
1694073898.63706 0.002240 -0.178471 0.065402 0.999668 0.002905 0.023956 0.008996
1694073899.83568 -0.024137 -0.508988 0.076790 0.997987 0.057440 0.025107 0.009636
1694073901.33570 0.390217 -2.527808 0.134550 0.988729 0.145773 0.031550 0.013028
1694073901.73705 0.413644 -2.542324 0.088595 0.987656 0.152684 0.032346 0.013280
1694073902.03705 0.438990 -2.591545 0.074833 0.986389 0.160319 0.033557 0.014427
1694073902.43773 0.452347 -2.702376 0.091606 0.984366 0.172050 0.034596 0.015047
1694073902.73774 0.458047 -2.749240 0.090166 0.982466 0.182436 0.035144 0.015547
1694073903.23637 0.444664 -2.953410 0.133873 0.979130 0.200115 0.032715 0.013717
1694073903.53638 0.467369 -3.043589 0.136657 0.977282 0.209058 0.032150 0.013417
1694073903.90303 0.450543 -3.790261 0.321602 0.974867 0.220572 0.029171 0.011439
1694073904.20303 0.521429 -3.927980 0.322051 0.974187 0.223871 0.027235 0.009962
1694073904.50302 0.610596 -4.080242 0.322464 0.973872 0.225500 0.025445 0.008673
1694073904.80332 0.719768 -4.269470 0.324897 0.973898 0.225539 0.023976 0.008950
1694073905.50245 1.078300 -5.048576 0.352647 0.976817 0.212811 0.020553 0.010814
1694073905.80246 1.249387 -5.546624 0.371871 0.978779 0.203695 0.019917 0.010143
1694073906.03670 1.397530 -5.949799 0.385366 0.980320 0.196673 0.015369 0.007495
1694073906.30305 1.597484 -6.424135 0.418778 0.983719 0.179176 0.013136 0.004487
1694073906.53579 1.732783 -6.747152 0.422270 0.986229 0.164946 0.011839 0.002331
1694073906.83580 1.863180 -7.133491 0.427476 -0.989722 -0.142718 -0.008961 0.001622
1694073907.13580 1.984849 -7.521213 0.424529 -0.992875 -0.118731 -0.008267 0.005788
1694073907.50389 2.121911 -8.059936 0.437760 -0.995744 -0.091853 -0.003213 0.006791
1694073907.83724 2.223361 -8.578574 0.445632 -0.997340 -0.071943 -0.003761 0.011045
1694073908.23583 2.307600 -9.177926 0.458664 -0.998522 -0.053065 0.000055 0.011714
1694073908.63583 3.189787 -11.469658 0.019034 -0.999626 -0.026853 -0.003048 0.004242
1694073909.03586 3.214065 -11.944767 0.031235 -0.999770 -0.019302 -0.004200 0.008349
1694073909.33648 3.217120 -12.269291 0.047890 -0.999795 -0.016240 -0.004021 0.011365
1694073909.63704 3.227839 -12.567755 0.068092 -0.999783 -0.012977 -0.004859 0.015581
1694073909.93705 3.229268 -12.882154 0.072489 -0.999782 -0.011346 -0.003305 0.017220
1694073910.23706 3.217597 -13.296701 0.090199 -0.999738 -0.011815 -0.003676 0.019238
1694073910.50361 3.187098 -13.750986 0.103354 -0.999649 -0.013840 -0.003908 0.022238
1694073911.03565 3.513719 -15.574951 -0.079753 -0.999797 -0.013643 -0.002389 0.014616
1694073911.30233 3.466935 -16.126188 -0.084587 -0.999726 -0.017306 -0.001593 0.015649
1694073911.53766 3.437714 -16.621278 -0.080578 -0.999642 -0.020644 -0.003623 0.016638
1694073911.80434 3.413116 -17.199507 -0.075420 -0.999539 -0.023470 -0.003691 0.018904
1694073912.03768 3.383446 -17.724206 -0.067132 -0.999426 -0.026912 -0.002702 0.020397
1694073912.40324 3.358124 -18.579768 -0.062454 -0.999351 -0.030103 -0.005898 0.018862
1694073912.70236 3.327904 -19.298974 -0.042881 -0.999378 -0.028980 -0.003763 0.019743
1694073913.00295 3.694728 -20.268571 -0.307286 -0.999651 -0.021611 -0.008043 0.012858
1694073913.30367 3.670224 -21.010445 -0.300514 -0.999662 -0.020516 -0.008311 0.013644
1694073913.73570 3.639916 -22.088867 -0.286401 -0.999699 -0.017634 -0.005600 0.016081
1694073914.00366 3.621445 -22.768389 -0.273570 -0.999700 -0.016272 -0.006523 0.017130
1694073914.30238 3.599098 -23.521937 -0.237100 -0.999692 -0.014561 -0.005291 0.019403
1694073914.60239 3.579281 -24.226217 -0.220438 -0.999666 -0.013330 -0.007016 0.021003
1694073914.93572 3.557121 -24.960362 -0.196768 -0.999664 -0.011378 -0.007134 0.022153
1694073915.23573 3.806041 -26.483611 -0.495448 -0.999762 -0.005323 -0.009283 0.019019
1694073915.50240 3.790962 -27.107251 -0.474325 -0.999712 -0.003587 -0.009111 0.021901
1694073915.73733 3.774657 -27.699081 -0.454483 -0.999696 -0.003679 -0.007883 0.023072
1694073916.03666 3.760457 -28.496503 -0.440945 -0.999622 -0.004207 -0.008961 0.025667
1694073916.40331 3.763572 -29.525703 -0.448424 -0.999667 -0.005137 -0.008712 0.023721
1694073916.63708 3.749613 -30.196429 -0.438188 -0.999630 -0.006074 -0.008886 0.024961
1694073916.93577 3.725038 -31.078501 -0.428336 -0.999633 -0.007610 -0.009208 0.024326
1694073917.23577 3.979991 -32.245478 -0.795623 -0.999744 -0.004516 -0.011356 0.019056
1694073917.63578 3.940405 -33.382529 -0.755367 -0.999676 -0.006483 -0.009856 0.022535
1694073918.03580 3.903223 -34.448040 -0.737825 -0.999649 -0.008466 -0.009260 0.023344
1694073918.33719 3.880629 -35.277402 -0.723906 -0.999571 -0.009594 -0.008194 0.026416
1694073918.60384 3.859632 -36.081489 -0.680705 -0.999412 -0.010130 -0.008360 0.031679
1694073918.93722 3.838526 -37.127422 -0.646644 -0.999395 -0.011004 -0.008104 0.031976
1694073919.23723 3.816380 -38.089477 -0.624657 -0.999530 -0.010996 -0.009560 0.026966
1694073919.70248 4.289432 -39.603261 -1.148529 -0.999818 -0.001914 -0.009747 0.016290
1694073919.93714 4.265464 -40.383126 -1.142305 -0.999795 -0.002381 -0.009324 0.017841
1694073920.33582 4.233534 -41.724658 -1.130172 -0.999743 -0.004773 -0.009570 0.019979
1694073920.73717 4.217906 -43.110187 -1.117007 -0.999712 -0.007543 -0.008940 0.020947
1694073921.03786 4.196220 -44.175004 -1.084445 -0.999655 -0.009529 -0.008756 0.022856
1694073921.40252 4.196244 -45.488599 -1.082293 -0.999641 -0.010997 -0.008948 0.022717
1694073921.63627 4.179315 -46.330430 -1.063530 -0.999620 -0.012363 -0.008622 0.023059
1694073921.90291 4.488172 -47.466787 -1.543493 -0.999828 -0.008845 -0.006473 0.014988
1694073922.20319 4.470349 -48.587570 -1.507841 -0.999740 -0.011671 -0.006844 0.018328
1694073922.43564 4.458321 -49.464813 -1.478582 -0.999706 -0.013299 -0.006897 0.019065
1694073922.73565 4.450325 -50.612908 -1.446295 -0.999677 -0.014983 -0.006275 0.019540
1694073923.30233 4.510683 -52.845154 -1.460302 -0.999576 -0.017202 -0.007455 0.022266
1694073923.53567 4.523358 -53.787326 -1.422207 -0.999513 -0.018372 -0.007748 0.024022
1694073923.83568 4.543266 -55.031388 -1.379230 -0.999413 -0.020272 -0.009482 0.025942
1694073924.20234 4.804811 -56.792114 -2.021382 -0.999670 -0.018326 -0.009608 0.015224
1694073924.50235 4.821713 -58.104934 -1.961456 -0.999600 -0.019326 -0.009879 0.018124
1694073924.73659 4.836752 -59.143382 -1.914567 -0.999563 -0.020244 -0.008983 0.019571
1694073925.03729 4.848016 -60.472222 -1.865933 -0.999563 -0.020592 -0.008412 0.019455
1694073925.30365 4.854027 -61.606717 -1.815154 -0.999519 -0.021015 -0.007803 0.021429
1694073925.60367 4.868412 -62.819645 -1.787742 -0.999464 -0.020075 -0.008900 0.024287
1694073925.90238 4.888490 -63.990658 -1.739208 -0.999464 -0.018821 -0.007194 0.025797
1694073926.13573 5.131246 -65.526984 -2.326164 -0.999652 -0.014975 -0.009508 0.019513
1694073926.50239 5.162205 -67.037266 -2.243378 -0.999605 -0.013649 -0.007834 0.023268
1694073926.80240 5.181681 -68.313634 -2.192622 -0.999586 -0.012292 -0.011126 0.023530
1694073927.10241 5.199384 -69.617936 -2.154237 -0.999590 -0.010500 -0.009879 0.024749
1694073927.60378 5.229684 -71.838236 -2.141025 -0.999517 -0.008538 -0.010230 0.028072
1694073927.90371 5.241978 -73.186897 -2.089098 -0.999421 -0.008444 -0.012690 0.030424
1694073928.23717 5.252889 -74.688793 -2.041811 -0.999438 -0.008872 -0.011001 0.030384
1694073928.50374 5.437379 -76.234640 -2.560402 -0.999676 -0.006947 -0.014115 0.020005
1694073928.90383 5.446922 -78.069572 -2.492314 -0.999584 -0.009929 -0.013184 0.023635
1694073929.13777 5.449993 -79.141351 -2.442456 -0.999509 -0.011651 -0.014172 0.025394
1694073929.43779 5.457511 -80.509159 -2.384592 -0.999405 -0.014210 -0.014586 0.027851
1694073929.73780 5.461890 -81.885388 -2.320921 -0.999279 -0.016182 -0.013369 0.031633
1694073930.03642 5.474964 -83.270054 -2.254193 -0.999118 -0.018794 -0.013752 0.034951
1694073930.50246 5.507441 -85.475788 -2.248633 -0.998920 -0.022773 -0.011911 0.038710
1694073930.80246 6.139482 -87.075430 -3.895026 -0.999840 -0.013850 -0.003661 0.010726
1694073931.10247 6.161398 -88.536888 -3.815059 -0.999793 -0.015335 -0.002280 0.013204
1694073931.40247 6.185051 -90.023349 -3.739681 -0.999780 -0.016561 -0.003109 0.012486
1694073931.63713 6.209051 -91.194077 -3.677455 -0.999738 -0.017553 -0.002915 0.014395
1694073932.03582 6.269426 -93.166368 -3.560084 -0.999619 -0.018375 -0.004442 0.020109
1694073932.30249 6.316904 -94.461018 -3.483767 -0.999574 -0.018681 -0.005565 0.021741
1694073932.63583 6.380111 -96.065046 -3.380418 -0.999507 -0.018681 -0.006336 0.024442
1694073933.03647 6.517754 -98.573083 -4.497146 -0.999830 -0.018297 -0.000529 0.002349
1694073933.43722 6.608310 -100.620112 -4.370154 -0.999807 -0.019267 -0.001654 0.003397
1694073933.73724 6.662713 -102.161968 -4.283117 -0.999799 -0.019892 -0.000220 0.002497
1694073934.10318 6.737966 -104.018207 -4.192929 -0.999766 -0.020966 -0.001945 0.004955
1694073934.33697 6.786195 -105.185547 -4.113439 -0.999722 -0.022113 -0.001116 0.008121
1694073934.63697 6.858595 -106.649460 -4.008268 -0.999691 -0.021538 -0.004762 0.011461
1694073935.00232 6.945693 -108.393731 -3.900375 -0.999704 -0.019831 -0.004061 0.013528
1694073935.33566 7.234650 -110.593989 -4.642992 0.999832 0.017903 0.003888 0.000496
1694073935.73568 7.326166 -112.514947 -4.516416 -0.999806 -0.019483 -0.001801 0.002429
1694073936.03709 7.394491 -114.017074 -4.416032 -0.999782 -0.020568 -0.001256 0.003249
1694073936.33709 7.470299 -115.522498 -4.325217 -0.999772 -0.021020 -0.000472 0.003726
1694073936.60373 7.532849 -116.850356 -4.243389 -0.999750 -0.021842 -0.000974 0.004637
1694073936.90375 7.610632 -118.333826 -4.156024 -0.999703 -0.023161 -0.002301 0.007285
1694073937.20376 7.693279 -119.823001 -4.067009 -0.999681 -0.023776 -0.002734 0.008044
1694073937.43570 7.825021 -121.203019 -4.435960 -0.999736 -0.022948 -0.000613 0.000357
1694073937.70368 7.897368 -122.502163 -4.350714 -0.999741 -0.022498 -0.002913 0.001997
1694073938.13773 8.004790 -124.508621 -4.232352 -0.999790 -0.020235 -0.001902 0.002600
1694073938.60368 8.102987 -126.585126 -4.121253 -0.999837 -0.017025 -0.000010 0.006092
1694073938.93705 8.166610 -128.150444 -4.012224 -0.999844 -0.014978 0.000089 0.009308
1694073939.23573 8.225143 -129.606135 -3.919375 -0.999841 -0.012812 0.000084 0.012441
1694073939.60301 8.291307 -131.430323 -3.813887 -0.999916 -0.008617 0.002512 0.009400
1694073939.83574 8.363686 -132.857503 -4.259167 -0.999974 -0.006253 0.003359 0.001231
1694073940.20330 8.439643 -134.701254 -4.153228 -0.999979 -0.002446 0.003798 0.004643
1694073940.70302 8.543424 -137.131708 -4.032095 -0.999992 0.001372 0.000385 0.003859
1694073941.00243 8.594319 -138.515461 -3.949339 -0.999964 0.002248 -0.003090 0.007537
1694073941.23577 8.624783 -139.556778 -3.882865 -0.999951 0.002588 -0.003393 0.008979
1694073941.53578 8.668278 -140.853833 -3.796708 -0.999906 0.002956 -0.004739 0.012550
1694073941.83668 8.715081 -142.138580 -3.697799 -0.999877 0.003824 -0.005506 0.014212
1694073942.20245 8.588449 -144.837852 -4.332764 -0.999985 0.002847 0.002441 0.004029
1694073942.43738 8.623027 -145.889324 -4.261536 -0.999969 0.003544 0.002908 0.006328
1694073942.70306 8.663901 -147.138492 -4.154889 -0.999959 0.004284 -0.001192 0.007901
1694073942.93713 8.685284 -148.260059 -4.075482 -0.999935 0.004261 -0.001133 0.010549
1694073943.30309 8.720645 -150.038689 -3.981448 -0.999954 0.004240 -0.004705 0.007218
1694073943.53715 8.733947 -151.175481 -3.923982 -0.999958 0.004838 -0.004638 0.006211
1694073943.83583 8.758875 -152.580997 -3.852509 -0.999935 0.004353 -0.005487 0.008952
1694073944.10250 8.786444 -154.095780 -4.146417 -0.999985 0.004455 -0.001800 0.002503
1694073944.40336 8.815684 -155.442401 -4.049229 -0.999983 0.002728 -0.001460 0.004968
1694073944.70338 8.845706 -156.788697 -3.963477 -0.999969 0.000311 -0.002289 0.007547
1694073944.93583 8.868026 -157.860830 -3.886464 -0.999966 -0.000419 -0.000535 0.008275
1694073945.20251 8.898925 -159.103159 -3.800453 -0.999962 -0.001318 -0.001285 0.008508
1694073945.50230 8.937493 -160.513637 -3.714646 -0.999929 -0.002260 -0.001739 0.011557
1694073945.73564 8.965241 -161.608924 -3.641713 -0.999931 -0.002973 -0.003092 0.010931
1694073946.10231 9.067857 -163.558663 -4.099611 -0.999984 -0.003267 0.000085 0.004616
1694073946.40231 9.094406 -164.925837 -4.009883 -0.999985 -0.003387 0.000267 0.004383
1694073946.70232 9.132393 -166.249081 -3.942341 -0.999979 -0.001565 0.000653 0.006216
1694073947.00362 9.195425 -167.613372 -3.852935 -0.999960 0.001069 -0.000542 0.008899
1694073947.30363 9.265772 -169.005608 -3.747711 -0.999914 0.003239 -0.002783 0.012390
1694073947.63567 9.336329 -170.571292 -3.639284 -0.999889 0.003847 -0.005792 0.013203
1694073948.00294 9.395344 -172.320271 -3.536069 -0.999910 0.001167 -0.007505 0.011104
1694073948.40236 9.201074 -175.068886 -4.408645 0.999979 0.006225 0.000452 0.001683
1694073948.70236 9.237764 -176.512829 -4.309793 -0.999953 -0.009494 0.002077 0.000367
1694073948.93633 9.277937 -177.649409 -4.219918 -0.999926 -0.011714 0.002519 0.001923
1694073949.23701 9.339745 -179.130514 -4.106721 -0.999887 -0.014036 0.003558 0.003982
1694073949.50368 9.408749 -180.465591 -4.021679 -0.999865 -0.015591 0.003220 0.003986
1694073949.73570 9.470558 -181.637012 -3.947814 -0.999865 -0.015724 0.003607 0.003210
1694073950.20325 9.594271 -184.015178 -3.806331 -0.999846 -0.014328 0.003428 0.009570
1694073950.70326 9.339170 -188.005546 -5.745258 0.999714 0.016628 -0.007621 0.015438
1694073951.03664 9.441900 -189.792336 -5.599695 0.999758 0.013562 -0.009109 0.014759
1694073951.30300 9.527049 -191.249464 -5.481702 0.999778 0.010705 -0.005435 0.017291
1694073951.53574 9.602163 -192.546353 -5.397080 0.999780 0.007873 -0.005859 0.018562
1694073951.83574 9.700464 -194.250019 -5.294258 0.999794 0.004383 -0.004591 0.019284
1694073952.13575 9.800826 -195.982341 -5.183192 0.999825 0.001303 -0.004165 0.018185
1694073952.43575 9.894430 -197.735180 -5.052390 0.999886 -0.001072 -0.002663 0.014794
1694073952.70243 9.856916 -199.525010 -5.186232 0.999844 0.000180 -0.001251 0.017603
1694073953.00372 9.934455 -201.325939 -5.041688 0.999869 -0.000385 0.000935 0.016128
1694073953.30244 9.999559 -203.130359 -4.903066 0.999873 -0.000429 0.001142 0.015883
1694073953.53578 10.042627 -204.529785 -4.791946 0.999869 -0.000554 -0.000066 0.016152
1694073954.00373 10.127939 -207.243442 -4.578463 0.999914 -0.001351 -0.001212 0.012989
1694073954.30375 10.183580 -208.959093 -4.433179 0.999934 -0.002065 -0.001672 0.011175
1694073954.60383 10.240408 -210.731553 -4.285413 0.999964 -0.003469 0.000275 0.007705
1694073954.90387 10.014130 -213.304358 -4.590458 0.999851 -0.001369 -0.006023 0.016112
1694073955.50456 10.143496 -217.071049 -4.315305 0.999848 -0.003560 -0.004689 0.016400
1694073955.80387 10.204653 -218.964987 -4.171530 0.999878 -0.004821 -0.002900 0.014601
1694073956.10380 10.266009 -220.833547 -4.036777 0.999896 -0.005691 -0.002110 0.013063
1694073956.43716 10.337957 -222.852587 -3.869598 0.999907 -0.006423 -0.001425 0.011983
1694073956.73716 10.399766 -224.621005 -3.724214 0.999952 -0.006110 0.001296 0.007583
1694073957.20251 10.508448 -227.401431 -3.522327 0.999958 -0.006145 0.002511 0.006270
1694073957.50229 10.408391 -229.680086 -3.674337 0.999918 -0.004433 -0.000932 0.011972
1694073957.73564 10.460684 -231.152670 -3.569561 0.999935 -0.004810 0.000311 0.010301
1694073958.00290 10.514981 -232.854080 -3.438234 0.999901 -0.004965 -0.000071 0.013139
1694073958.33565 10.583978 -234.955888 -3.285665 0.999925 -0.005049 -0.000937 0.011101
1694073958.63626 10.648790 -236.813054 -3.134011 0.999939 -0.005419 0.000032 0.009578
1694073958.93697 10.716756 -238.600098 -2.990622 0.999948 -0.006118 0.000210 0.008122
1694073959.20233 10.778833 -240.127626 -2.872024 0.999952 -0.006885 0.000269 0.007012
1694073959.53567 10.572326 -242.688977 -3.341764 0.999873 -0.003199 -0.000062 0.015587
1694073959.83567 10.643640 -244.296480 -3.200423 0.999929 -0.003437 0.000514 0.011387
1694073960.23567 10.738667 -246.374995 -3.018198 0.999938 -0.003699 -0.000630 0.010437
1694073960.53631 10.807352 -247.890921 -2.882848 0.999956 -0.003390 -0.000389 0.008722
1694073960.83634 10.878157 -249.367333 -2.758475 0.999974 -0.003072 0.000729 0.006418
1694073961.20368 10.970994 -251.129860 -2.610624 0.999981 -0.003970 0.001454 0.004464
1694073961.43660 11.030519 -252.246133 -2.533839 0.999980 -0.005080 0.001795 0.003161
1694073961.73661 10.982538 -253.835732 -2.785713 0.999948 -0.004274 -0.001069 0.009147
1694073962.03661 11.039245 -255.294512 -2.669940 0.999962 -0.004585 0.000769 0.007429
1694073962.50239 11.098779 -257.475478 -2.517641 0.999948 -0.004541 0.000326 0.009155
1694073962.83573 11.140927 -258.929514 -2.425266 0.999931 -0.005299 -0.001437 0.010363
1694073963.10240 11.184120 -260.035322 -2.344674 0.999940 -0.006444 0.000758 0.008874
1694073963.43574 11.257890 -261.427630 -2.248174 0.999970 -0.006928 0.000118 0.003477
1694073963.73574 11.326914 -262.732566 -2.138548 0.999962 -0.006953 0.001682 0.004905
1694073964.03575 11.209983 -264.220013 -2.294202 0.999955 -0.003836 0.000693 0.008690
1694073964.40242 11.274679 -265.848518 -2.189153 0.999944 -0.003149 -0.000631 0.010068
1694073964.70242 11.323477 -267.170702 -2.092797 0.999969 -0.003291 0.000417 0.007134
1694073965.03787 11.380612 -268.638349 -1.988563 0.999964 -0.004973 -0.000048 0.006849
1694073965.30243 11.437176 -269.791259 -1.901006 0.999956 -0.006902 0.000198 0.006299
1694073965.63641 11.514344 -271.234005 -1.795815 0.999938 -0.009655 0.000153 0.005579
1694073965.93641 11.588562 -272.518150 -1.695268 0.999916 -0.012387 0.000243 0.003732
1694073966.30247 11.290688 -274.556823 -1.984763 0.999892 -0.010705 -0.002732 0.009659
1694073966.63580 11.381373 -275.970522 -1.864893 0.999864 -0.013736 -0.002994 0.008673
1694073967.13713 11.507633 -278.098738 -1.696641 0.999809 -0.018268 -0.003136 0.006215
1694073967.40247 11.578646 -279.215322 -1.600319 0.999772 -0.020621 -0.001804 0.005160
1694073968.00248 11.671187 -281.802818 -1.515781 0.999651 -0.026093 -0.001419 0.003926
1694073968.30249 11.764075 -283.068061 -1.392733 0.999581 -0.028925 0.000484 0.000773
1694073968.60249 11.852606 -284.357565 -1.279290 0.999485 -0.032022 0.002030 0.000189
1694073968.83584 11.328956 -285.854366 -1.853856 0.999622 -0.024555 -0.002414 0.012142
1694073969.20250 11.437276 -287.474100 -1.708933 0.999622 -0.026272 -0.000551 0.008063
1694073969.53627 11.523072 -288.978137 -1.558099 0.999600 -0.027556 0.000485 0.006353
1694073969.83628 11.593096 -290.354773 -1.425122 0.999592 -0.028278 0.000829 0.003912
1694073970.10230 11.657029 -291.598278 -1.320747 0.999570 -0.029041 0.001128 0.003848
1694073970.33654 11.712541 -292.706626 -1.221847 0.999549 -0.029864 0.001274 0.002909
1694073970.73698 11.800338 -294.621830 -1.063910 -0.999525 0.030753 -0.000939 0.001608
1694073971.03656 11.307751 -296.646131 -1.673804 0.999626 -0.023745 -0.006547 0.011905
1694073971.33657 11.390008 -298.104052 -1.542538 0.999617 -0.024522 -0.006004 0.011352
1694073971.70235 11.495668 -299.897217 -1.374554 0.999605 -0.026010 -0.003751 0.009955
1694073972.00326 11.580432 -301.362510 -1.242128 0.999601 -0.027244 -0.002428 0.007031
1694073972.43568 11.701543 -303.389331 -1.057321 0.999561 -0.029145 0.000096 0.005303
1694073972.80375 11.810658 -305.052540 -0.889862 0.999490 -0.031846 -0.000051 0.002217
1694073973.10377 11.905897 -306.379691 -0.761171 -0.999367 0.035563 -0.000335 0.000577
1694073973.43712 10.814433 -309.399583 -1.417831 0.999605 -0.023616 -0.005553 0.014207
1694073973.70446 10.911562 -310.657743 -1.291311 0.999567 -0.026589 -0.005903 0.011132
1694073974.00445 11.013203 -312.085547 -1.150605 0.999494 -0.030310 -0.005263 0.008138
1694073974.33713 11.113252 -313.669318 -0.994005 0.999345 -0.034866 -0.005663 0.007811
1694073974.63714 11.201708 -315.092390 -0.851043 0.999203 -0.039182 -0.004406 0.006230
1694073974.93575 11.297132 -316.499957 -0.725501 0.999014 -0.043929 -0.003816 0.005195
1694073975.23637 11.395640 -317.916893 -0.588390 0.998783 -0.049145 -0.001600 0.003902
1694073975.53638 10.639165 -319.953003 -1.152561 0.999052 -0.040280 -0.005882 0.015441
1694073975.80369 10.728990 -321.140492 -1.034902 0.998957 -0.042995 -0.003896 0.014855
1694073976.13707 10.836008 -322.605298 -0.902815 0.998962 -0.043507 -0.003702 0.013010
1694073976.43706 10.937547 -323.965379 -0.765393 0.998948 -0.044445 -0.003821 0.010622
1694073976.73707 11.015990 -325.358411 -0.629505 0.998951 -0.045141 -0.002460 0.007327
1694073977.03709 11.095267 -326.776033 -0.476152 0.998920 -0.046001 -0.001041 0.006431
1694073977.30333 11.147041 -328.042181 -0.352763 0.998892 -0.046828 -0.000095 0.004733
1694073977.60332 10.407918 -330.452932 -0.875482 0.999103 -0.038372 -0.009015 0.015469
1694073977.93669 10.481582 -332.026313 -0.723139 0.999046 -0.039928 -0.009043 0.015224
1694073978.23739 10.553021 -333.381972 -0.597750 0.998955 -0.042256 -0.007962 0.015519
1694073978.73580 10.676980 -335.523911 -0.395776 0.998762 -0.047756 -0.009042 0.010540
1694073979.03740 10.767249 -336.748683 -0.270430 0.998576 -0.052125 -0.008572 0.007513
1694073979.33740 10.873501 -337.928030 -0.137296 0.998308 -0.056966 -0.009734 0.006410
1694073979.70312 11.014421 -339.386796 0.007214 0.998021 -0.062254 -0.008057 0.003574
1694073979.93582 10.469928 -340.873240 -0.255043 0.998327 -0.056045 -0.010486 0.009639
1694073980.23582 10.571932 -342.098184 -0.129942 0.998170 -0.059296 -0.009360 0.007233
1694073980.50250 10.650636 -343.196321 -0.012780 0.997998 -0.062082 -0.009474 0.007501
1694073980.73584 10.717105 -344.163793 0.080379 0.997865 -0.064222 -0.009047 0.007644
1694073981.00252 10.786199 -345.263066 0.185294 0.997699 -0.066956 -0.008755 0.006021
1694073981.30252 10.865221 -346.461851 0.298083 0.997503 -0.069946 -0.008359 0.005066
1694073981.70230 10.972634 -347.958957 0.442589 0.997205 -0.074129 -0.008944 0.002696
1694073982.00231 10.019975 -349.879399 0.046114 0.997903 -0.061961 -0.014498 0.011833
1694073982.23654 10.100683 -350.728280 0.126159 0.997735 -0.064947 -0.013762 0.010802
1694073982.50359 10.191060 -351.733405 0.226067 0.997510 -0.068808 -0.012981 0.008465
1694073982.83706 10.301164 -352.972276 0.348586 0.997170 -0.074067 -0.011109 0.006532
1694073983.13775 10.387312 -354.027670 0.447043 0.996827 -0.078822 -0.009983 0.004852
1694073983.50373 10.485621 -355.256839 0.576286 0.996317 -0.085426 -0.007241 0.001337
1694073983.73776 10.554403 -356.047502 0.655526 -0.995906 0.090180 0.005713 0.002392
1694073984.03568 9.189958 -358.148164 -0.028104 0.997039 -0.073886 -0.015353 0.014778
1694073984.30235 9.274975 -359.110650 0.076426 0.996803 -0.077228 -0.014122 0.014809
1694073984.63569 9.376100 -360.255020 0.194487 0.996723 -0.078306 -0.013954 0.014709
1694073984.90237 9.450027 -361.158446 0.277239 0.996756 -0.077849 -0.014089 0.014808
1694073985.13633 9.507416 -361.974764 0.360500 0.996922 -0.076068 -0.014489 0.012291
1694073985.43701 9.580355 -363.037016 0.472442 0.997153 -0.073432 -0.013777 0.010238
1694073985.90237 9.701742 -364.721634 0.652112 0.997114 -0.073415 -0.016343 0.010334
1694073986.23705 8.427356 -366.699013 0.215133 0.997932 -0.056133 -0.023481 0.020725
1694073986.50238 8.519038 -367.678372 0.318263 0.997766 -0.059678 -0.022649 0.019734
1694073986.73573 8.603262 -368.544089 0.412513 0.997527 -0.063542 -0.023794 0.018322
1694073987.10240 8.744828 -369.910033 0.556545 0.997160 -0.069822 -0.022141 0.017503
1694073987.33774 8.839385 -370.793189 0.657374 0.996893 -0.073992 -0.021798 0.015927
1694073987.60440 8.950536 -371.807386 0.764435 0.996496 -0.079369 -0.021723 0.014987
1694073987.83734 9.050434 -372.704844 0.863877 0.996060 -0.084985 -0.021081 0.014026
1694073988.10301 7.808279 -374.506702 0.553852 0.996831 -0.071306 -0.027197 0.022447
1694073988.40302 7.945573 -375.700690 0.695306 0.996386 -0.078348 -0.026019 0.019992
1694073988.63665 8.044471 -376.646752 0.797722 0.995983 -0.083451 -0.025835 0.019677
1694073989.00305 8.201593 -378.159492 0.958385 0.995242 -0.092425 -0.024659 0.018512
1694073989.30376 8.323611 -379.430288 1.105894 0.994681 -0.099170 -0.023495 0.014933
1694073989.63579 8.457360 -380.851009 1.274018 0.993943 -0.107239 -0.020213 0.012981
1694073989.90331 8.554310 -381.969875 1.402791 0.993241 -0.113665 -0.019335 0.013373
1694073990.13669 7.694395 -383.671804 1.247372 0.993565 -0.109834 -0.022184 0.016527
1694073990.63580 7.850137 -385.550175 1.473803 0.992425 -0.120711 -0.020203 0.010624
1694073990.93580 7.937641 -386.622689 1.597716 0.991631 -0.127383 -0.019435 0.007945
1694073991.40375 8.057478 -388.369631 1.802065 0.990063 -0.139396 -0.018031 0.004388
1694073991.70388 8.122178 -389.566952 1.960286 -0.988912 0.147542 0.016886 0.000307
1694073991.93714 8.163112 -390.525846 2.066890 -0.987870 0.154444 0.016095 0.000802
1694073992.30379 8.215991 -392.002624 2.230100 0.986174 -0.165118 -0.014035 0.000377
1694073992.53726 7.468963 -393.161836 1.976405 0.986950 -0.160015 -0.017484 0.004352
1694073992.93585 7.534211 -394.702122 2.121007 0.985073 -0.171245 -0.017240 0.003179
1694073993.20252 7.570973 -395.780959 2.247253 0.983692 -0.179170 -0.015729 0.001037
1694073993.43587 7.606099 -396.738515 2.350130 -0.982400 0.186317 0.013267 0.001003
1694073993.70371 7.632483 -397.828099 2.480901 -0.980959 0.193715 0.012934 0.005244
1694073994.00369 7.668897 -399.000057 2.619350 -0.979096 0.203054 0.011206 0.003875
1694073994.43565 7.692846 -400.609374 2.798009 -0.976367 0.215445 0.014031 0.009674
1694073994.73628 3.288806 -401.230698 1.680917 0.990877 -0.131854 -0.023005 0.015731
1694073995.03698 3.298172 -402.309309 1.806449 0.990256 -0.136806 -0.022510 0.013027
1694073995.40294 3.310551 -403.697170 1.984854 0.989331 -0.143820 -0.020860 0.010277
1694073995.70233 3.318245 -404.805933 2.113589 0.988448 -0.149858 -0.021332 0.007595
1694073996.00234 3.334254 -405.864375 2.221189 0.987511 -0.156057 -0.020029 0.008216
1694073996.30235 3.356887 -406.878617 2.347690 0.986731 -0.161249 -0.018468 0.004414
1694073996.63568 3.390834 -407.941338 2.472556 -0.985574 0.168333 0.017476 0.001220
1694073996.93569 1.834673 -410.147300 2.206512 0.987254 -0.157308 -0.023665 0.004768
1694073997.23769 1.857071 -411.036652 2.291418 -0.986929 0.159545 0.022706 0.000267
1694073997.83570 1.918932 -412.802326 2.563761 -0.986628 0.161768 0.019856 0.001665
1694073998.20326 1.939107 -414.019717 2.727227 0.985956 -0.166405 -0.013232 0.004948
1694073998.53704 1.957569 -415.153536 2.856144 0.985026 -0.171917 -0.012613 0.003038
1694073998.83662 1.979902 -416.153805 2.960490 0.984210 -0.176652 -0.010392 0.004095
1694073999.23574 2.008725 -417.475072 3.105079 -0.983112 0.182804 0.008593 0.000029
1694073999.50241 2.017231 -418.300064 3.054869 0.982646 -0.185161 -0.010954 0.001180
1694073999.83575 2.066275 -419.365068 3.186510 -0.981784 0.189772 0.009259 0.000577
1694074000.13576 2.111282 -420.289357 3.307674 -0.980940 0.194135 0.007723 0.002898
1694074000.40330 2.145722 -421.077457 3.401310 -0.980308 0.197328 0.007056 0.002897
1694074000.80243 2.198306 -422.218413 3.534874 -0.979300 0.202281 0.004576 0.005736
1694074001.10243 2.234996 -423.058474 3.633188 -0.978485 0.206094 0.004176 0.008640
1694074001.50385 2.286415 -424.166681 3.768469 -0.977326 0.211433 0.002270 0.011160
1694074001.93578 -0.521239 -427.331302 3.092237 -0.981050 0.193322 0.012831 0.001416
1694074002.23579 -0.486703 -428.109833 3.180060 -0.980384 0.196863 0.009260 0.002540
1694074002.53580 -0.452219 -428.863830 3.263030 -0.979828 0.199645 0.008136 0.003504
1694074002.83580 -0.416979 -429.589274 3.340220 -0.979236 0.202468 0.008932 0.004872
1694074003.10248 -0.384780 -430.203097 3.419568 -0.978759 0.204800 0.008385 0.004279
1694074003.40248 -0.348457 -430.813470 3.490636 -0.978253 0.207233 0.007683 0.003945
1694074003.73582 -0.315446 -431.384270 3.555160 -0.977800 0.209366 0.008147 0.002607
1694074004.00249 -1.749277 -433.346015 3.337239 -0.978492 0.206025 0.010181 0.001580
1694074004.23715 -1.726175 -433.611628 3.376137 -0.978322 0.206769 0.011024 0.003427
1694074004.60309 -1.686662 -433.921299 3.432916 -0.978095 0.207832 0.011159 0.003399
1694074004.93583 -1.637909 -434.124835 3.474658 -0.977961 0.208401 0.012079 0.003810
1694074005.40382 -1.599415 -434.485568 3.525664 -0.977706 0.209554 0.012442 0.004841
1694074005.70430 -1.583100 -434.740354 3.549777 -0.977520 0.210413 0.012455 0.005093
1694074006.00319 -1.574174 -434.993991 3.567235 -0.977304 0.211428 0.012896 0.002811
1694074006.23628 2.227019 -430.502363 5.467230 -0.976862 0.213680 0.000071 0.009059
1694074006.53628 2.222154 -430.733167 5.470660 -0.976820 0.213822 -0.000208 0.010140
1694074006.83629 2.212102 -430.927456 5.462851 -0.976652 0.214589 -0.000098 0.010106
1694074007.10364 2.203452 -431.059662 5.451774 -0.976606 0.214795 -0.000080 0.010183
1694074007.63567 2.176825 -431.189787 5.436198 -0.976504 0.215256 -0.000045 0.010263
1694074008.03659 2.173597 -431.204978 5.432348 -0.976454 0.215479 0.000070 0.010303
1694074008.63660 2.205543 -431.179796 5.436863 -0.976434 0.215573 -0.000200 0.010297
1694074009.13569 2.172824 -431.246373 5.415390 -0.976422 0.215612 0.000234 0.010598
1694074009.63729 2.178432 -431.186390 5.417869 -0.976474 0.215368 0.000175 0.010723
1694074010.30397 2.192477 -431.163082 5.418564 -0.976475 0.215359 0.000166 0.010848
1694074010.53714 2.192306 -431.153770 5.417985 -0.976487 0.215298 0.000212 0.010949
1694074011.10241 2.196778 -431.147804 5.415535 -0.976472 0.215362 0.000252 0.011063
1694074011.73575 2.199563 -431.141394 5.411941 -0.976450 0.215451 0.000306 0.011192
1694074012.50380 2.197808 -431.132304 5.404643 -0.976423 0.215561 0.000624 0.011419
1694074013.13719 2.193003 -431.128270 5.399812 -0.976470 0.215352 0.000133 0.011404
1694074013.83719 2.195606 -431.123388 5.400095 -0.976462 0.215380 0.000185 0.011520
1694074014.33780 2.197774 -431.119396 5.400352 -0.976450 0.215426 0.000158 0.011669
1694074014.73780 2.198369 -431.118593 5.400362 -0.976437 0.215482 0.000169 0.011752
1694074015.43581 2.199539 -431.116149 5.400402 -0.976441 0.215459 0.000179 0.011867
1694074016.20250 2.197673 -431.117778 5.400079 -0.976443 0.215440 0.000090 0.012003
1694074016.90250 2.196598 -431.117867 5.397126 -0.976446 0.215425 0.000185 0.012030
1694074017.70231 2.188679 -431.118456 5.394847 -0.976482 0.215256 0.000145 0.012133
1694074018.40231 2.188341 -431.119280 5.390147 -0.976471 0.215306 0.000481 0.012166
1694074019.10364 2.185962 -431.122112 5.386758 -0.976464 0.215331 0.000624 0.012234
1694074019.50391 2.185962 -431.123561 5.384738 -0.976451 0.215389 0.000814 0.012254
1694074020.23701 2.187247 -431.121470 5.373868 -0.976456 0.215360 0.001766 0.012241
1694074020.90237 2.188730 -431.119994 5.365857 -0.976456 0.215361 0.002252 0.012143
1694074021.50238 2.190436 -431.116633 5.349451 -0.976451 0.215380 0.003533 0.011917
1694074022.10376 2.195196 -431.111542 5.375760 -0.976456 0.215339 0.001351 0.012657
1694074022.63714 2.194992 -431.109560 5.374939 -0.976465 0.215296 0.001292 0.012770
1694074023.30371 2.195822 -431.109965 5.374462 -0.976462 0.215304 0.001175 0.012839
1694074023.63782 2.195417 -431.111575 5.373745 -0.976463 0.215299 0.001130 0.012868
1694074024.43777 2.196921 -431.110142 5.369283 -0.976461 0.215307 0.001234 0.012844
1694074025.03641 2.197689 -431.108307 5.368742 -0.976476 0.215233 0.001253 0.012982
1694074025.63643 2.201148 -431.108849 5.364119 -0.976428 0.215454 0.001458 0.012862
1694074026.20333 2.199965 -431.110511 5.371896 -0.976446 0.215352 0.000765 0.013281
1694074026.90248 2.200616 -431.111896 5.369625 -0.976441 0.215373 0.000787 0.013277
1694074027.50406 2.199953 -431.111825 5.369965 -0.976446 0.215341 0.000758 0.013431
1694074027.73674 2.199953 -431.112057 5.370131 -0.976444 0.215350 0.000763 0.013479
1694074028.63716 2.200086 -431.111202 5.369466 -0.976446 0.215335 0.000814 0.013542
1694074029.33716 2.201338 -431.111088 5.368550 -0.976441 0.215352 0.000943 0.013607
1694074029.93564 2.199393 -431.111770 5.366078 -0.976444 0.215339 0.001215 0.013578
1694074030.73566 2.536856 -430.507371 5.346079 -0.975846 0.218018 0.001929 0.013733
1694074031.40233 2.540413 -430.485399 5.340897 -0.975939 0.217597 0.002343 0.013728
1694074032.20374 2.553150 -430.380354 5.322930 -0.976022 0.217121 0.005581 0.014434
1694074032.43779 2.553612 -430.379780 5.322678 -0.975990 0.217267 0.005371 0.014490
1694074033.03780 2.564229 -430.354351 5.319871 -0.976030 0.217082 0.005170 0.014629
1694074033.70238 2.584214 -430.328256 5.317022 -0.975999 0.217213 0.005266 0.014703
1694074034.30299 2.597678 -430.314100 5.312647 -0.975943 0.217466 0.005483 0.014640
1694074034.80371 13.321315 -429.510542 24.001795 0.978626 -0.198492 -0.030860 0.044037
1694074035.30240 13.321203 -429.511260 24.001880 0.978621 -0.198512 -0.030910 0.044031
1694074036.00330 13.320868 -429.511753 24.001837 0.978611 -0.198561 -0.030981 0.043983
1694074036.23575 13.320702 -429.511793 24.001798 0.978614 -0.198564 -0.030949 0.043931
1694074036.83576 13.320696 -429.513584 24.001049 0.978607 -0.198608 -0.030944 0.043888
1694074037.33737 13.320869 -429.515270 24.000994 0.978617 -0.198572 -0.030909 0.043853
1694074038.03737 13.321560 -429.516822 24.000695 0.978583 -0.198760 -0.030855 0.043782
1694074038.63579 43.099191 -371.421175 16.893665 0.975816 -0.215830 0.031919 0.013496
1694074039.20247 43.094157 -371.420829 16.893142 0.975870 -0.215749 0.030932 0.013190
1694074039.90376 43.091675 -371.420670 16.895542 0.975952 -0.215410 0.031032 0.012363
1694074040.20377 43.089348 -371.421890 16.895742 0.976040 -0.215272 0.029185 0.012315
1694074040.90340 43.085118 -371.424578 16.897713 0.976049 -0.215203 0.029486 0.012106
1694074041.53773 43.080136 -371.424323 16.898932 0.976555 -0.213868 0.023740 0.006134
1694074042.10369 43.080904 -371.428719 16.900910 0.976445 -0.213931 0.027176 0.007022
1694074042.73566 42.952526 -370.627273 17.291656 -0.977183 0.212393 -0.000552 0.001700
1694074043.50296 42.952748 -370.628013 17.282785 -0.977170 0.212454 -0.000415 0.001361
1694074044.33700 42.943935 -370.631387 17.264943 -0.977095 0.212764 0.004050 0.000146
1694074044.70322 42.943819 -370.632991 17.263454 0.977074 -0.212844 -0.004907 0.000022
1694074045.53704 42.945891 -370.639096 17.246825 0.977035 -0.213001 -0.005689 0.000735
1694074046.23662 42.945950 -370.643742 17.234658 0.977001 -0.213136 -0.006288 0.001419
1694074046.83733 42.948815 -370.645536 17.227334 0.976964 -0.213305 -0.006251 0.001840
1694074047.53574 42.947060 -370.613006 17.211100 0.977012 -0.213047 -0.007414 0.002065
1694074048.23665 42.950660 -370.608135 17.207252 0.976999 -0.213096 -0.007628 0.002147
1694074048.80333 42.952749 -370.604698 17.205336 0.976986 -0.213159 -0.007622 0.002114
1694074049.10374 42.950565 -370.603575 17.204574 0.976995 -0.213118 -0.007625 0.002097
1694074049.70383 42.947356 -370.598423 17.201227 0.976989 -0.213142 -0.007692 0.002112
1694074050.30385 42.947091 -370.597747 17.195916 0.976990 -0.213129 -0.007896 0.002273
1694074050.90388 42.951962 -370.598658 17.192491 0.976956 -0.213276 -0.008083 0.002271
1694074051.63791 42.948546 -370.604647 17.216234 0.976987 -0.213153 -0.007816 0.000944
1694074052.40309 42.949774 -370.604064 17.215670 0.976982 -0.213178 -0.007761 0.000917
1694074053.03647 42.951194 -370.603405 17.216171 0.976959 -0.213284 -0.007836 0.000795
1694074053.33716 42.950091 -370.603125 17.216368 0.976964 -0.213259 -0.007823 0.000758
1694074054.13698 42.951470 -370.603414 17.216098 0.976948 -0.213330 -0.007849 0.000708
1694074054.80432 42.951811 -370.602853 17.216390 0.976950 -0.213322 -0.007807 0.000626
1694074055.53567 42.951702 -370.602311 17.216224 0.976949 -0.213331 -0.007788 0.000561
1694074056.40235 42.950989 -370.593902 17.208381 0.976960 -0.213269 -0.008003 0.000975
1694074057.20298 42.951116 -370.592017 17.206496 0.976959 -0.213277 -0.007979 0.001008
1694074058.03662 42.948833 -370.583567 17.202844 0.976980 -0.213175 -0.008031 0.001113
1694074058.43662 42.946624 -370.582891 17.199216 0.976986 -0.213152 -0.007985 0.001259
1694074059.10240 42.944036 -370.578500 17.197566 0.976999 -0.213089 -0.008055 0.001274
1694074059.80369 42.946669 -370.579891 17.196800 0.976985 -0.213154 -0.007995 0.001312
1694074060.40371 42.947855 -370.583614 17.197095 0.976984 -0.213157 -0.008076 0.001230
1694074061.03578 42.947256 -370.583086 17.196291 0.976976 -0.213193 -0.008112 0.001176
1694074061.93719 42.948710 -370.583800 17.191927 0.976951 -0.213302 -0.008177 0.001243
1694074062.73580 42.948095 -370.583830 17.191150 0.976957 -0.213274 -0.008201 0.001219
1694074063.00247 42.948429 -370.583931 17.190798 0.976952 -0.213298 -0.008225 0.001200
1694074063.60248 42.948183 -370.585042 17.188400 0.976945 -0.213325 -0.008319 0.001246
1694074064.60311 42.947889 -370.581155 17.186399 0.976945 -0.213316 -0.008523 0.001288
1694074065.10449 42.945519 -370.580627 17.186408 0.976948 -0.213301 -0.008567 0.001255
1694074065.80290 42.947494 -370.581145 17.184211 0.976938 -0.213358 -0.008339 0.001200
1694074066.43698 42.946783 -370.582060 17.182977 0.976942 -0.213336 -0.008422 0.001188
1694074067.03657 42.947028 -370.582219 17.183158 0.976936 -0.213362 -0.008493 0.001102
1694074067.40234 42.946383 -370.582890 17.182463 0.976926 -0.213406 -0.008480 0.001072
1694074068.00235 42.945899 -370.583103 17.181132 0.976926 -0.213409 -0.008445 0.001024
1694074068.60323 42.944309 -370.585154 17.178082 0.976937 -0.213353 -0.008565 0.001087
1694074069.43712 42.946711 -370.587772 17.173256 0.976892 -0.213532 -0.009203 0.001213
1694074070.13572 42.946217 -370.581570 17.169983 0.976913 -0.213443 -0.008976 0.001272
1694074070.80239 42.945626 -370.579977 17.166842 0.976917 -0.213423 -0.009024 0.001278
1694074071.50381 42.947280 -370.579088 17.161439 0.976913 -0.213441 -0.009091 0.001417
1694074071.90242 42.946931 -370.576333 17.160272 0.976922 -0.213398 -0.009111 0.001397
1694074072.53576 42.946686 -370.575058 17.157817 0.976922 -0.213396 -0.009179 0.001404
1694074073.40374 42.946153 -370.573717 17.153790 0.976931 -0.213353 -0.009214 0.001500
1694074074.10306 42.947947 -370.574051 17.149718 0.976902 -0.213475 -0.009385 0.001578
1694074074.93580 42.956194 -370.541188 17.166446 0.976893 -0.213556 -0.008570 0.000651
1694074075.73716 42.957071 -370.510866 17.167751 0.976897 -0.213541 -0.008534 0.000564
1694074076.30250 42.961633 -370.493285 17.166164 0.976899 -0.213529 -0.008527 0.000474
1694074076.70250 42.963458 -370.483915 17.166158 0.976898 -0.213536 -0.008531 0.000416
1694074077.30251 42.967554 -370.452367 17.164986 0.976928 -0.213398 -0.008545 0.000389
1694074078.10362 43.008324 -370.225777 17.154240 0.977011 -0.213015 -0.008565 0.000383
1694074078.43698 43.001961 -370.484320 17.174900 0.976769 -0.214121 -0.008626 0.000099
1694074078.80391 42.922114 -370.518203 17.071261 0.976855 -0.213700 -0.008889 0.002710
1694074079.80236 42.685326 -372.746408 17.222738 0.977308 -0.210168 -0.010051 0.024434
1694074082.80441 31.054361 -381.230971 10.028770 0.980914 -0.193161 -0.009510 0.020164
1694074083.13774 30.972432 -382.063710 10.136374 0.980693 -0.194067 -0.011402 0.021207
1694074083.90241 30.944076 -383.974423 10.402268 0.980111 -0.197160 -0.012985 0.018487
1694074084.40243 31.044074 -385.289149 10.587177 0.979451 -0.200600 -0.012751 0.016501
1694074084.70304 31.142972 -386.139521 10.709359 0.978992 -0.202791 -0.013029 0.016775
1694074085.20333 27.566173 -387.323348 11.729678 0.982708 -0.184115 -0.018512 0.006697
1694074085.60245 27.738048 -388.600807 11.907565 0.982107 -0.187249 -0.018266 0.008408
1694074086.00245 27.948362 -389.935457 12.092277 0.981696 -0.189570 -0.016290 0.008388
1694074086.40335 28.193307 -391.305855 12.278224 0.981396 -0.191001 -0.017580 0.008484
1694074086.73673 28.423921 -392.480850 12.453665 0.981381 -0.191268 -0.015351 0.008450
1694074087.03740 28.636360 -393.534792 12.555164 0.981495 -0.190759 -0.014367 0.008510
1694074087.40337 28.910432 -394.849113 12.753529 0.981758 -0.189315 -0.013891 0.010831
1694074087.80381 24.094134 -396.987278 12.157391 0.987530 -0.154626 -0.025220 0.015469
1694074088.30379 24.471905 -398.719341 12.368856 0.987635 -0.153295 -0.028125 0.016960
1694074088.63583 24.717455 -399.784896 12.503158 0.987786 -0.152391 -0.028031 0.016463
1694074089.00380 24.981622 -401.031910 12.705160 0.987551 -0.153570 -0.031489 0.012949
1694074089.30392 25.210678 -402.094814 12.861952 0.987167 -0.155897 -0.032059 0.013010
1694074089.70231 25.542198 -403.564672 13.100230 0.986375 -0.160485 -0.031570 0.017647
1694074090.20370 25.994921 -405.449871 13.412130 0.985394 -0.167039 -0.030969 0.011742
1694074090.50370 26.101850 -408.029274 13.901441 0.983380 -0.173679 -0.050257 0.016527
1694074090.83709 26.406827 -409.313307 14.147207 0.982375 -0.179658 -0.049638 0.014095
1694074091.23709 26.750281 -410.797548 14.423357 0.979943 -0.186009 -0.066581 0.026059
1694074091.63566 27.075997 -412.246873 14.679236 0.978204 -0.193776 -0.069968 0.025938
1694074092.20365 27.491711 -414.356450 14.961068 0.974671 -0.210534 -0.071808 0.023133
1694074092.73569 27.847967 -416.250778 15.247280 0.970549 -0.229436 -0.072783 0.009774
1694074093.13569 28.096007 -417.570534 15.482979 0.967270 -0.243491 -0.070931 0.008329
1694074093.63571 20.865794 -419.918760 14.169800 0.978149 -0.196680 -0.063976 0.021197
1694074093.90299 20.975177 -420.752118 14.291454 0.977146 -0.202506 -0.059919 0.024222
1694074094.20300 21.126981 -421.815942 14.511516 0.974568 -0.215146 -0.061231 0.013405
1694074094.50368 21.224686 -422.985035 14.649298 0.971855 -0.227062 -0.059633 0.019608
1694074094.80240 21.291463 -424.178896 14.799293 0.968806 -0.238704 -0.059900 0.029101
1694074095.13574 21.343699 -425.489933 14.994720 0.965520 -0.253299 -0.056526 0.020404
1694074095.43574 21.356262 -426.653768 15.156287 0.962301 -0.264764 -0.058821 0.020405
1694074095.80241 20.029555 -428.188306 14.968519 0.960889 -0.267947 -0.059574 0.036720
1694074096.20303 20.007334 -429.717046 15.174187 0.955723 -0.286545 -0.056961 0.035234
1694074096.43575 19.978436 -430.664609 15.305550 0.952128 -0.298456 -0.054801 0.037069
1694074096.80376 19.905134 -432.182190 15.523531 0.946048 -0.317499 -0.052332 0.038056
1694074097.13711 19.837966 -433.522444 15.711479 0.940084 -0.335015 -0.048590 0.040573
1694074097.40374 19.762611 -434.540716 15.851029 0.935500 -0.348032 -0.045171 0.040894
1694074097.70246 19.670899 -435.617208 16.055523 0.931535 -0.359611 -0.038083 0.038365
1694074098.00246 16.473283 -436.095681 15.654171 0.938399 -0.339338 -0.047822 0.044387
1694074098.30247 16.357641 -437.128401 15.798435 0.935660 -0.345317 -0.054464 0.048282
1694074098.83722 16.159966 -439.082801 16.069067 0.934175 -0.351887 -0.044193 0.039249
1694074099.13723 16.045465 -440.241204 16.243391 0.933240 -0.353856 -0.042405 0.045297
1694074099.40247 15.929387 -441.302471 16.435516 0.932813 -0.355715 -0.035829 0.045206
1694074101.00382 14.602449 -448.591540 17.907733 0.932903 -0.346874 -0.078989 0.055964
1694074101.23787 14.440973 -449.844275 18.151297 0.929983 -0.353549 -0.080555 0.060373
1694074101.70230 7.029109 -448.829341 16.529164 0.946019 -0.304353 -0.080294 0.077266
1694074101.93565 6.892786 -450.153307 16.783736 0.944445 -0.309947 -0.078170 0.076460
1694074102.23565 6.706481 -451.906031 17.078895 0.941862 -0.316835 -0.081913 0.076177
1694074102.60232 6.486314 -454.100366 17.503308 0.939618 -0.324070 -0.080193 0.075274
1694074102.83630 6.349656 -455.544381 17.775032 0.937640 -0.329347 -0.081662 0.075455
1694074103.10297 6.213017 -457.228490 18.104157 0.936339 -0.336337 -0.076060 0.066035
1694074103.33700 6.128341 -458.735238 18.422519 0.933343 -0.340696 -0.078895 0.081071
1694074103.60367 4.140806 -459.233988 19.657757 0.938548 -0.329545 -0.077463 0.067280
1694074104.03659 4.085042 -462.029472 20.235799 0.935209 -0.339318 -0.075394 0.067558
1694074104.40235 4.059985 -464.411041 20.699607 0.932369 -0.348007 -0.076907 0.060538
1694074104.73569 4.074046 -466.636532 21.105673 0.929864 -0.354347 -0.075608 0.063826
1694074105.13704 4.129808 -469.417744 21.561864 0.926820 -0.362961 -0.072856 0.062904
1694074105.60396 4.212748 -472.773309 22.091575 0.921818 -0.376478 -0.069224 0.061029
1694074105.90326 4.265479 -474.966720 22.445865 0.917742 -0.386610 -0.067243 0.061327
1694074106.13704 0.628985 -474.413291 23.140001 0.927567 -0.361457 -0.074234 0.058805
1694074106.40301 0.673834 -476.448925 23.453674 0.923846 -0.371462 -0.071256 0.058707
1694074106.73706 0.743163 -479.077567 23.852091 0.918413 -0.385292 -0.067584 0.059164
1694074107.20328 0.863184 -482.857309 24.433335 0.909163 -0.407365 -0.063596 0.058585
1694074107.53666 0.944999 -485.625190 24.862900 0.901169 -0.425023 -0.060423 0.059987
1694074107.93575 1.048319 -489.017414 25.377690 0.889755 -0.448680 -0.058964 0.059552
1694074108.23576 1.118553 -491.593945 25.779043 0.879766 -0.468163 -0.057075 0.059817
1694074108.53576 -1.055379 -490.022394 26.009323 0.890452 -0.446703 -0.066797 0.055596
1694074108.80333 -1.000502 -492.376744 26.373763 0.881449 -0.464651 -0.066205 0.052572
1694074109.13667 -0.927652 -495.360220 26.842569 0.869016 -0.487680 -0.065373 0.052023
1694074109.40383 -0.864907 -497.785631 27.235298 0.858009 -0.507637 -0.061201 0.048770
1694074109.73788 -0.777636 -500.849114 27.722285 0.842431 -0.533742 -0.056121 0.047745
1694074110.13578 -0.667180 -504.528325 28.300678 0.821525 -0.565937 -0.048589 0.049520
1694074110.43579 -0.590983 -507.314079 28.736521 0.803944 -0.591181 -0.041031 0.049965
1694074110.73579 -4.452950 -500.548289 28.605986 0.851941 -0.518257 -0.061109 0.043256
1694074111.10312 -4.373903 -503.935457 29.153649 0.832985 -0.548877 -0.055688 0.042057
1694074111.40309 -4.318009 -506.693526 29.603477 0.815378 -0.575574 -0.048574 0.038910
1694074111.70312 -4.268109 -509.445762 30.063806 0.795158 -0.603831 -0.042011 0.036710
1694074112.00379 -4.221063 -512.191615 30.524970 0.772514 -0.633047 -0.034836 0.035504
1694074112.23716 -4.165671 -514.328308 30.881787 0.753131 -0.656265 -0.030587 0.034287
1694074112.50249 -4.086827 -516.732561 31.263643 0.729613 -0.682621 -0.025918 0.031947
1694074112.73716 -6.068375 -515.924589 29.658108 0.736114 -0.673119 -0.053920 0.046249
1694074113.00381 -6.001240 -518.292061 30.030246 0.715533 -0.695546 -0.046239 0.045722
1694074113.33585 -5.941694 -521.268760 30.516475 0.690209 -0.721066 -0.051458 0.032050
1694074113.73627 -5.878211 -524.907566 31.098098 0.652430 -0.755832 -0.050208 0.023073
1694074114.10320 -5.846833 -528.285508 31.655967 0.613693 -0.788234 -0.040557 0.020593
1694074114.33628 -5.838757 -530.440883 32.000852 0.589225 -0.807169 -0.030666 0.018769
1694074114.63629 -5.849827 -533.219251 32.445033 0.556984 -0.829675 -0.036541 0.008558
1694074114.93630 127.039642 -553.010407 17.162296 -0.585104 0.808122 0.066886 0.010865
1694074115.40233 126.969247 -557.353750 17.899645 -0.574953 0.815773 0.061048 0.014699
1694074115.70365 126.918082 -560.182021 18.391684 -0.566938 0.821686 0.056752 0.013880
1694074116.00296 126.862027 -562.998275 18.876943 -0.558797 0.827534 0.053209 0.010090
1694074116.23569 126.815553 -565.191608 19.245085 -0.552586 0.831988 0.048925 0.007142
1694074116.50236 126.768330 -567.699262 19.646290 -0.544781 0.837322 0.045422 0.006489
1694074116.73660 126.734989 -569.897865 20.024830 -0.538038 0.841871 0.041615 0.006011
1694074117.00297 111.370372 -562.867888 5.087360 -0.531545 0.836794 0.130983 0.008893
1694074117.30368 111.342983 -565.690779 5.558738 -0.523809 0.843803 0.116535 0.006270
1694074117.53570 111.326643 -567.875131 5.928154 -0.516252 0.849137 0.111536 0.003202
1694074117.80238 111.312340 -570.389885 6.371223 -0.506717 0.856051 0.102043 0.001182
1694074118.10238 111.297407 -573.198131 6.848134 -0.495143 0.863841 0.092790 0.001333
1694074118.43572 111.279373 -576.308007 7.390860 0.483064 -0.871595 -0.083486 0.001124
1694074118.73572 111.261643 -579.089660 7.861992 0.471847 -0.878591 -0.073674 0.003356
1694074119.10450 78.420508 -543.089926 15.195699 0.582349 -0.805426 -0.110177 0.004488
1694074119.43786 78.441012 -546.104416 15.710277 0.566430 -0.817893 -0.101024 0.001341
1694074119.73785 78.466855 -548.815334 16.189525 0.552566 -0.828403 -0.091722 0.002623
1694074120.13576 78.500081 -552.436451 16.819699 0.534036 -0.842022 -0.076096 0.003661
1694074120.53575 78.531957 -556.086339 17.463827 0.512672 -0.855732 -0.069881 0.002685
1694074120.90383 78.561027 -559.453792 18.070893 0.494594 -0.867074 -0.059571 0.003151
1694074121.30306 78.600107 -563.099738 18.700638 0.474183 -0.878866 -0.052256 0.003657
1694074121.60308 88.134333 -552.501093 32.721257 -0.497324 0.865010 0.064485 0.016399
1694074121.83711 88.149500 -554.630287 33.090046 -0.496809 0.865290 0.064353 0.017682
1694074122.13711 88.162155 -557.355786 33.573453 -0.485247 0.871885 0.062357 0.021523
1694074122.53580 88.186592 -560.965265 34.219024 -0.467798 0.880802 0.069848 0.021753
1694074122.80379 88.189282 -563.400657 34.662947 -0.453314 0.888753 0.063024 0.025546
1694074123.10448 88.194992 -566.151151 35.127741 -0.437090 0.897361 0.054408 0.027127
1694074123.50248 88.202175 -569.813961 35.753902 -0.412474 0.908868 0.055956 0.026317
1694074123.83581 59.224193 -522.991992 37.094193 -0.535431 0.839181 0.092161 0.024395
1694074124.10336 59.242674 -525.463372 37.529374 -0.524350 0.846956 0.084682 0.023500
1694074124.33743 59.252262 -527.637302 37.901669 -0.513205 0.854384 0.078603 0.021695
1694074124.73583 59.250672 -531.330165 38.531223 -0.494477 0.866259 0.068171 0.020974
1694074125.10384 59.234954 -534.721347 39.122287 -0.476448 0.876744 0.061788 0.022361
1694074125.60382 59.192092 -539.324255 39.933272 -0.452682 0.889984 0.049794 0.022989
1694074126.03654 59.148626 -543.318289 40.633873 -0.431435 0.900957 0.041755 0.019913
1694074126.33655 12.821064 -474.314985 42.042853 0.658093 -0.747692 -0.088687 0.002222
1694074126.60319 12.793448 -476.784860 42.480791 0.645653 -0.759039 -0.083606 0.001425
1694074126.83698 12.761527 -478.955702 42.878356 0.634447 -0.768852 -0.079650 0.000577
1694074127.13699 12.718401 -481.751825 43.379890 -0.620439 0.781009 0.071276 0.000143
1694074127.43709 12.679688 -484.553133 43.865638 -0.605262 0.793301 0.065787 0.001804
1694074127.70233 12.650646 -487.026913 44.305334 -0.592311 0.803391 0.061069 0.000515
1694074128.00234 12.627985 -489.825216 44.795509 -0.577358 0.814858 0.051595 0.001730
1694074128.30234 -18.925542 -453.008115 46.354886 0.766405 -0.638743 -0.064263 0.022376
1694074128.60235 -18.930102 -455.748307 46.859919 0.752889 -0.655035 -0.060192 0.021562
1694074129.13569 -18.938689 -460.472050 47.731151 0.727571 -0.683234 -0.059837 0.015851
1694074129.50375 -18.950728 -463.639003 48.334066 0.708050 -0.703849 -0.056856 0.005440
1694074129.80376 -18.947091 -466.192905 48.794821 0.691090 -0.720534 -0.056661 0.003837
1694074130.10368 -18.947923 -468.754630 49.276786 0.671949 -0.738374 -0.057347 0.000763
1694074130.40368 -18.946233 -471.350713 49.724142 -0.654344 0.754757 0.046641 0.000987
1694074130.63572 -2.804412 -465.816456 47.176034 0.687471 -0.724879 -0.043574 0.005966
1694074131.03706 -2.794608 -469.235242 47.791610 0.671873 -0.739929 -0.032404 0.006425
1694074131.30372 -2.801687 -471.454392 48.189812 0.660845 -0.750032 -0.026809 0.004046
1694074131.53574 -2.813043 -473.357433 48.546036 0.650561 -0.759095 -0.023098 0.003373
1694074131.80241 -2.825056 -475.506757 48.964465 0.638433 -0.769483 -0.017210 0.001428
1694074132.13575 -2.825715 -478.128426 49.435472 0.623945 -0.781442 -0.006304 0.001301
1694074132.43575 -2.818268 -480.406330 49.848841 0.609622 -0.792672 -0.004786 0.002937
1694074132.70330 -6.789896 -479.200063 50.101389 0.613317 -0.789832 -0.002246 0.001844
1694074133.00331 -6.768216 -481.292111 50.508582 -0.602417 0.798180 -0.001374 0.001009
1694074133.23669 -6.741318 -482.847103 50.791129 -0.594520 0.804059 -0.005666 0.001790
1694074133.50245 -6.727564 -484.549075 51.040721 -0.585450 0.810649 -0.009606 0.002007
1694074133.80306 -6.732968 -486.375094 51.215420 -0.575184 0.817960 -0.010034 0.002197
1694074134.10307 -6.736397 -488.146277 51.271665 -0.564339 0.825371 -0.015850 0.005811
1694074134.33645 -6.743173 -489.469970 51.325228 -0.555369 0.831513 -0.010427 0.006524
1694074134.60334 -8.129557 -489.756441 49.994619 -0.551188 0.834253 0.012059 0.008235
1694074134.83579 -8.131487 -490.989251 50.059358 -0.543836 0.839029 0.010488 0.012776
1694074135.10247 -8.127583 -492.355477 50.145692 -0.534883 0.844802 0.008735 0.011538
1694074135.33581 -8.117127 -493.494345 50.277258 -0.527230 0.849586 0.008936 0.012305
1694074135.73581 -8.111668 -495.319430 50.585467 -0.515471 0.856815 0.006293 0.010837
1694074136.00248 -8.109417 -496.459166 50.809258 -0.507503 0.861541 0.003251 0.013327
1694074136.43715 -8.102816 -498.225960 51.163872 -0.495892 0.868252 -0.001341 0.015080
1694074136.83742 -12.726204 -494.991457 51.062518 -0.499731 0.866074 0.000780 0.013602
1694074137.13744 -12.738801 -496.084996 51.272823 -0.491749 0.870632 -0.001784 0.013383
1694074137.43726 -12.756337 -497.118386 51.469247 -0.484429 0.874724 -0.004173 0.013031
1694074137.70369 -12.776484 -497.969997 51.626476 -0.478524 0.877958 -0.007777 0.011996
1694074138.00360 -12.789874 -498.842577 51.785471 -0.472369 0.881259 -0.010479 0.011831
1694074138.33565 -12.808472 -499.716255 51.948759 -0.466872 0.884138 -0.014069 0.011530
1694074138.60232 -12.824688 -500.342567 52.073444 -0.462578 0.886346 -0.016521 0.011846
1694074138.83566 -14.171977 -499.680835 50.590894 -0.459283 0.888116 0.003218 0.017285
1694074139.10234 -14.186990 -500.159106 50.686110 -0.456159 0.889725 0.005077 0.016815
1694074139.33707 -14.201960 -500.504831 50.760203 -0.453359 0.891124 0.006573 0.017915
1694074139.60233 -14.205365 -500.855896 50.825342 -0.450956 0.892335 0.005456 0.018617
1694074139.83567 -14.224010 -501.161458 50.876223 -0.449149 0.893262 0.004508 0.018108
1694074140.10235 -14.240571 -501.536587 50.950776 -0.446827 0.894434 0.003628 0.017881
1694074140.40235 -14.259879 -501.967940 51.010420 -0.444262 0.895714 0.002967 0.017840
1694074140.73569 -11.946948 -501.621499 48.948748 -0.450547 0.892028 0.030581 0.018907
1694074141.10447 -12.009161 -502.157379 49.023620 -0.446828 0.893964 0.027791 0.020016
1694074141.40437 -12.086724 -502.576655 49.088770 -0.443890 0.895467 0.027033 0.019208
1694074141.70299 -12.183520 -502.967440 49.155092 -0.441439 0.896743 0.025367 0.018445
1694074142.03635 -12.300685 -503.358128 49.224903 -0.439015 0.898010 0.023431 0.017179
1694074142.33636 -12.403878 -503.652309 49.269184 -0.437308 0.898866 0.022716 0.016912
1694074142.80240 -12.532959 -504.007604 49.311415 -0.434799 0.900100 0.022155 0.016732
1694074143.13573 -3.889739 -505.460408 48.849392 -0.455366 0.889053 0.041111 0.023163
1694074143.50372 -3.935952 -505.567939 48.856273 -0.454044 0.889727 0.040759 0.023838
1694074143.73574 -3.952491 -505.594482 48.855214 -0.453601 0.889974 0.040844 0.022907
1694074144.03575 -3.958327 -505.589097 48.851485 -0.453701 0.889932 0.040984 0.022306
1694074144.40332 -3.955113 -505.549240 48.844322 -0.454111 0.889712 0.041214 0.022285
1694074144.90243 -3.942237 -505.471629 48.832615 -0.455254 0.889081 0.041884 0.022887
1694074145.40332 -3.914019 -505.357720 48.810721 -0.455708 0.888807 0.042502 0.023374
1694074145.73737 6.149535 -505.341695 56.084750 -0.499267 0.864279 0.007927 0.060760
1694074146.03737 6.158848 -505.252996 56.063908 -0.482150 0.873868 0.051498 0.035125
1694074146.50376 6.161816 -505.120509 56.042706 -0.465678 0.881061 0.080834 0.018457
1694074146.73713 6.173099 -505.058109 56.036370 -0.459698 0.883488 0.088947 0.014661
1694074147.23714 6.202967 -504.956218 56.023046 -0.460397 0.883080 0.089423 0.014406
1694074147.50248 6.215183 -504.916006 56.011577 -0.461174 0.882609 0.090046 0.014557
1694074147.93724 6.232287 -504.865480 55.995110 -0.462323 0.881895 0.091093 0.014833
1694074148.43583 7.578112 -507.296124 54.633802 -0.450816 0.887978 0.090083 0.012064
1694074149.00251 7.585085 -507.268616 54.625243 -0.451268 0.887695 0.090589 0.012166
1694074149.53727 7.587356 -507.256100 54.620054 -0.451523 0.887553 0.090728 0.012064
1694074149.80369 7.588270 -507.250691 54.615946 -0.451606 0.887498 0.090856 0.012032
1694074150.33706 7.588573 -507.244774 54.611190 -0.451740 0.887421 0.090949 0.011953
1694074150.83565 7.587606 -507.245597 54.611451 -0.451688 0.887452 0.090923 0.011844
1694074151.60434 7.587982 -507.250621 54.612454 -0.451649 0.887479 0.090860 0.011787
1694074152.23569 7.656034 -507.551342 54.576915 -0.449946 0.888384 0.090522 0.011324
1694074152.80299 7.656891 -507.551851 54.576828 -0.449876 0.888412 0.090576 0.011449
1694074153.30326 7.656894 -507.552336 54.576931 -0.449808 0.888469 0.090367 0.011402
1694074153.53570 7.656653 -507.553049 54.577222 -0.449821 0.888457 0.090430 0.011296
1694074154.03572 7.655939 -507.554180 54.577690 -0.449786 0.888465 0.090515 0.011349
1694074154.53663 7.655632 -507.554499 54.577855 -0.449797 0.888470 0.090421 0.011336
1694074155.13706 7.655531 -507.554474 54.577709 -0.449794 0.888458 0.090542 0.011390
1694074155.83735 7.687213 -507.417250 54.548973 -0.451359 0.887610 0.091071 0.011362
1694074156.53666 7.686906 -507.416538 54.548501 -0.451350 0.887618 0.091041 0.011350
1694074157.10243 7.686743 -507.415778 54.548747 -0.451344 0.887619 0.091058 0.011384
1694074157.33577 7.686892 -507.415008 54.548886 -0.451352 0.887617 0.091045 0.011379
1694074157.83579 7.687453 -507.413039 54.549081 -0.451432 0.887578 0.091030 0.011347
1694074158.33720 7.688110 -507.411291 54.548459 -0.451433 0.887563 0.091149 0.011466
1694074158.93721 7.689120 -507.410912 54.547944 -0.451370 0.887590 0.091201 0.011495
1694074159.53584 7.577087 -507.311870 54.608809 -0.452390 0.887164 0.090282 0.011508
1694074160.20380 7.578709 -507.311675 54.608355 -0.452444 0.887131 0.090325 0.011558
1694074160.73717 7.579242 -507.310960 54.608196 -0.452462 0.887119 0.090353 0.011599
1694074161.03647 7.579491 -507.310498 54.607911 -0.452456 0.887119 0.090380 0.011626
1694074161.70293 7.580546 -507.310516 54.607929 -0.452450 0.887111 0.090462 0.011784
1694074162.20319 7.580866 -507.310762 54.607172 -0.452500 0.887081 0.090510 0.011775
1694074162.73565 7.581043 -507.311251 54.606362 -0.452492 0.887081 0.090560 0.011732
1694074163.43657 9.322935 -506.250761 60.422975 -0.435023 0.895769 0.090395 0.013468
1694074164.33630 9.324975 -506.251808 60.422007 -0.434859 0.895835 0.090494 0.013697
1694074164.93632 9.325933 -506.252231 60.421949 -0.434746 0.895890 0.090484 0.013783
1694074165.40236 9.325669 -506.251789 60.422143 -0.434642 0.895934 0.090555 0.013751
1694074166.00237 9.324886 -506.250773 60.421812 -0.434636 0.895929 0.090628 0.013797
1694074166.53572 9.324598 -506.250694 60.421621 -0.434628 0.895930 0.090646 0.013819
1694074167.13573 9.324456 -506.250662 60.421684 -0.434665 0.895914 0.090633 0.013779
1694074167.73574 8.877815 -506.032064 58.672193 -0.454121 0.886620 0.086229 0.015621
1694074168.30242 8.877674 -506.031462 58.673294 -0.454163 0.886593 0.086289 0.015575
1694074168.90451 8.878065 -506.031527 58.674242 -0.454203 0.886571 0.086311 0.015573
1694074169.20382 8.877992 -506.030657 58.674140 -0.454174 0.886586 0.086309 0.015549
1694074169.90306 8.877289 -506.028747 58.673696 -0.454136 0.886600 0.086364 0.015574
1694074170.50375 8.877176 -506.027520 58.673241 -0.454142 0.886583 0.086492 0.015676
1694074171.20308 8.876960 -506.027878 58.673089 -0.454183 0.886563 0.086474 0.015653
1694074171.80310 11.535404 -505.941452 62.867364 -0.431534 0.897450 0.090345 0.014122
1694074172.53582 11.535521 -505.938778 62.865969 -0.431441 0.897468 0.090595 0.014219
1694074173.13584 11.535244 -505.935392 62.865596 -0.431378 0.897483 0.090743 0.014253
1694074173.40251 11.535424 -505.934574 62.865951 -0.431353 0.897495 0.090753 0.014196
1694074174.00318 11.535648 -505.932466 62.864990 -0.431276 0.897534 0.090730 0.014221
1694074174.53565 11.535889 -505.930348 62.864437 -0.431315 0.897500 0.090864 0.014301
1694074175.13566 11.536492 -505.928418 62.865047 -0.431248 0.897524 0.090942 0.014364
1694074175.73567 22.944223 -490.977375 65.603749 -0.456950 0.884852 0.088962 0.017888
1694074176.30235 22.944829 -490.978064 65.603395 -0.457006 0.884816 0.089031 0.017854
1694074176.90236 22.945966 -490.978785 65.603309 -0.457009 0.884810 0.089073 0.017901
1694074177.13661 22.946011 -490.979133 65.603197 -0.457043 0.884802 0.089001 0.017772
1694074177.80325 22.945215 -490.978776 65.603082 -0.457049 0.884795 0.089057 0.017704
1694074178.40375 22.944300 -490.977989 65.603141 -0.457139 0.884747 0.089078 0.017646
1694074179.13575 22.944494 -490.977728 65.603413 -0.457190 0.884731 0.089012 0.017495
1694074179.63574 22.932775 -490.977431 65.593403 -0.457083 0.884797 0.089048 0.016725
1694074180.13576 22.932727 -490.977817 65.593293 -0.457111 0.884786 0.089033 0.016638
1694074180.83576 22.932517 -490.978452 65.592779 -0.457108 0.884785 0.089060 0.016603
1694074181.10244 22.932379 -490.978300 65.592875 -0.457074 0.884802 0.089071 0.016612
1694074181.70244 22.931946 -490.977074 65.591657 -0.457103 0.884794 0.089045 0.016363
1694074182.30245 22.932215 -490.977016 65.590838 -0.457063 0.884811 0.089072 0.016385
1694074182.93580 22.933192 -490.978923 65.590412 -0.457102 0.884802 0.088999 0.016223
1694074183.50406 22.930364 -490.974043 65.592496 -0.457167 0.884750 0.089140 0.016431
1694074184.13673 22.930291 -490.974184 65.592619 -0.457182 0.884743 0.089148 0.016341
1694074184.73675 22.930237 -490.974129 65.592555 -0.457193 0.884738 0.089151 0.016289
1694074185.13585 22.930128 -490.973452 65.592623 -0.457200 0.884732 0.089174 0.016283
1694074185.70321 22.931046 -490.973779 65.591956 -0.457203 0.884741 0.089109 0.016079
1694074186.40231 22.931403 -490.973353 65.592037 -0.457119 0.884787 0.089112 0.015920
1694074187.00322 22.930619 -490.970531 65.592107 -0.457195 0.884748 0.089134 0.015795
1694074187.60373 22.928155 -490.968553 65.594756 -0.457141 0.884757 0.089230 0.016275
1694074188.33570 22.927395 -490.970423 65.595922 -0.457140 0.884759 0.089223 0.016243
1694074189.03570 22.927210 -490.970584 65.596502 -0.457113 0.884769 0.089252 0.016306
1694074189.33571 22.927722 -490.970467 65.596052 -0.457142 0.884750 0.089283 0.016330
1694074190.00238 22.927840 -490.971633 65.595365 -0.457114 0.884768 0.089257 0.016290
1694074190.53636 22.927622 -490.973158 65.595199 -0.457054 0.884800 0.089252 0.016256
1694074191.10371 22.927400 -490.973572 65.594535 -0.457102 0.884781 0.089211 0.016157
1694074191.70371 22.068826 -490.169244 65.787231 -0.457527 0.884608 0.088856 0.015577
1694074192.23709 22.067660 -490.168404 65.787450 -0.464480 0.880860 0.090365 0.013370
1694074192.83640 22.063252 -490.169687 65.788430 -0.490583 0.866382 0.092773 0.010234
1694074193.10306 22.063294 -490.169791 65.788332 -0.491432 0.865987 0.092121 0.008603
1694074193.70306 22.064011 -490.169327 65.788193 -0.491456 0.865973 0.092124 0.008625
1694074194.33580 22.064549 -490.167380 65.787793 -0.491510 0.865947 0.092089 0.008555
1694074195.00247 22.065129 -490.163791 65.787311 -0.491651 0.865863 0.092122 0.008551
1694074195.63581 21.638155 -491.252702 65.808049 -0.456680 0.885027 0.089138 0.014990
1694074196.23583 21.638287 -491.249390 65.807454 -0.456747 0.884992 0.089129 0.015076
1694074196.90392 21.639166 -491.249328 65.807097 -0.456683 0.885013 0.089209 0.015284
1694074197.13794 21.639371 -491.249977 65.807029 -0.456648 0.885030 0.089223 0.015325
1694074197.83565 21.639928 -491.250940 65.805924 -0.456660 0.885009 0.089355 0.015349
1694074198.53565 21.639753 -491.249464 65.805967 -0.456702 0.884979 0.089432 0.015423
1694074199.03708 21.639226 -491.249313 65.806291 -0.456682 0.884981 0.089503 0.015471
1694074199.53566 21.643905 -491.247495 65.810044 -0.456707 0.884948 0.089625 0.015901
1694074200.30364 21.643318 -491.249965 65.809742 -0.456657 0.884971 0.089654 0.015894
1694074200.80437 21.642875 -491.251545 65.809627 -0.456630 0.884978 0.089699 0.016040
1694074201.10437 21.642520 -491.251876 65.809381 -0.456585 0.884998 0.089731 0.016036
1694074201.70300 21.641816 -491.251777 65.808318 -0.456553 0.885017 0.089726 0.015920
1694074202.30298 21.641580 -491.251010 65.806908 -0.456605 0.884998 0.089688 0.015672
1694074202.90303 21.641926 -491.249942 65.805336 -0.456733 0.884941 0.089660 0.015315
1694074203.53575 19.613137 -491.085898 66.172452 -0.462266 0.881918 0.091593 0.011899
1694074204.20242 19.612456 -491.085381 66.172907 -0.460672 0.882731 0.091817 0.011659
1694074204.80243 19.611992 -491.086188 66.173644 -0.459252 0.883472 0.091826 0.011516
1694074205.10332 19.611850 -491.086551 66.173889 -0.458542 0.883841 0.091831 0.011450
1694074205.63710 19.612602 -491.086719 66.174291 -0.458528 0.883845 0.091856 0.011513
1694074206.23712 19.613638 -491.088545 66.174918 -0.458511 0.883854 0.091846 0.011604
1694074206.90247 19.613767 -491.090647 66.175453 -0.458466 0.883882 0.091802 0.011580
1694074207.53581 19.542142 -491.426913 66.576524 -0.456760 0.884938 0.089575 0.015178
1694074208.20386 19.542239 -491.426671 66.576792 -0.456722 0.884954 0.089618 0.015164
1694074208.73583 19.542825 -491.426503 66.576412 -0.456698 0.884963 0.089645 0.015177
1694074209.10389 19.542905 -491.426345 66.576335 -0.456697 0.884961 0.089676 0.015180
1694074209.73766 19.542665 -491.426598 66.576131 -0.456684 0.884967 0.089691 0.015117
1694074210.30362 19.541031 -491.426409 66.576107 -0.456664 0.884969 0.089773 0.015153
1694074210.90295 19.539100 -491.426257 66.576141 -0.456627 0.884995 0.089724 0.015018
1694074211.60234 18.874453 -490.984307 66.657215 -0.457339 0.884506 0.091122 0.013682
1694074212.30235 18.872922 -490.984841 66.657012 -0.457395 0.884455 0.091410 0.013181
1694074212.90236 18.871424 -490.985002 66.656990 -0.457449 0.884401 0.091774 0.012373
1694074213.23662 18.870928 -490.985755 66.657193 -0.457493 0.884382 0.091762 0.012183
1694074213.83634 18.870432 -490.986563 66.658633 -0.457490 0.884392 0.091681 0.012178
1694074214.43636 18.870079 -490.986389 66.658484 -0.457481 0.884390 0.091741 0.012196
1694074215.03706 18.869888 -490.986565 66.656945 -0.457442 0.884405 0.091803 0.012087
1694074215.63709 18.869353 -490.987826 66.653677 -0.457343 0.884476 0.091628 0.012027
1694074216.33576 18.870185 -490.987769 66.653692 -0.457377 0.884455 0.091653 0.012066
1694074216.93578 18.870511 -490.987297 66.653225 -0.457397 0.884439 0.091698 0.012097
1694074217.23578 18.869882 -490.986391 66.652885 -0.457352 0.884458 0.091747 0.012089
1694074217.93578 18.869596 -490.984876 66.653460 -0.457337 0.884467 0.091732 0.012125
1694074218.53579 18.871061 -490.984960 66.654407 -0.457369 0.884442 0.091788 0.012242
1694074219.13580 18.871419 -490.984405 66.655362 -0.457442 0.884409 0.091767 0.012081
1694074219.73782 18.775906 -491.114437 67.054146 -0.456565 0.884953 0.090425 0.015146
1694074220.33583 18.776872 -491.113503 67.053203 -0.456560 0.884942 0.090547 0.015209
1694074221.03649 18.777654 -491.112410 67.052449 -0.456610 0.884912 0.090591 0.015231
1694074221.33648 18.777282 -491.112065 67.052124 -0.456593 0.884918 0.090620 0.015219
1694074222.20320 18.776493 -491.111584 67.051168 -0.456651 0.884893 0.090614 0.014941
1694074222.80323 18.776603 -491.111663 67.050809 -0.456694 0.884875 0.090598 0.014793
1694074223.33566 18.776765 -491.111613 67.050283 -0.456773 0.884836 0.090608 0.014585
1694074224.03631 18.774465 -491.109429 67.052108 -0.456849 0.884816 0.090466 0.014334
1694074224.70296 18.773542 -491.109140 67.052637 -0.456816 0.884831 0.090493 0.014286
1694074225.40236 18.773681 -491.109661 67.052576 -0.456799 0.884836 0.090530 0.014297
1694074225.70237 18.773916 -491.110318 67.052614 -0.456778 0.884846 0.090541 0.014306
1694074226.30238 18.774203 -491.110947 67.052638 -0.456741 0.884852 0.090627 0.014534
1694074226.83573 18.773451 -491.110950 67.052762 -0.456675 0.884877 0.090700 0.014648
1694074227.50449 18.772038 -491.110931 67.052871 -0.456718 0.884871 0.090613 0.014200
1694074228.03575 18.775196 -491.110734 67.053346 -0.456788 0.884829 0.090618 0.014516
1694074228.70372 18.774190 -491.111028 67.053461 -0.456779 0.884836 0.090611 0.014409
1694074229.33641 18.772986 -491.110509 67.053706 -0.456727 0.884857 0.090660 0.014482
1694074229.60308 18.772732 -491.110420 67.054018 -0.456716 0.884861 0.090665 0.014512
1694074230.20375 18.772590 -491.110095 67.054501 -0.456782 0.884841 0.090561 0.014347
1694074230.83712 18.772495 -491.109238 67.053922 -0.456879 0.884791 0.090578 0.014219
1694074231.40336 18.772089 -491.109202 67.053419 -0.456890 0.884791 0.090547 0.014058
1694074232.03674 18.774668 -491.107252 67.057376 -0.456843 0.884788 0.090725 0.014626
1694074232.73674 18.775496 -491.107250 67.056925 -0.456844 0.884788 0.090727 0.014583
1694074233.40337 18.776583 -491.107984 67.056777 -0.456843 0.884781 0.090781 0.014655
1694074233.73563 18.776953 -491.108579 67.057182 -0.456850 0.884778 0.090778 0.014663
1694074234.23696 18.777065 -491.108599 67.057699 -0.456841 0.884781 0.090790 0.014696
1694074234.83565 18.776989 -491.108226 67.057179 -0.456839 0.884781 0.090799 0.014679
1694074235.60322 18.776518 -491.108330 67.056267 -0.456823 0.884790 0.090804 0.014601
1694074236.23708 18.776062 -491.107917 67.055422 -0.456839 0.884785 0.090792 0.014514
1694074237.13780 18.774475 -491.106453 67.053501 -0.456930 0.884740 0.090902 0.013661
1694074237.93783 18.774146 -491.107287 67.054072 -0.456899 0.884735 0.091260 0.012634
